 0.1000000E-12   279
 1.6387609 1.7325844
 1.6385381 1.7359551
 1.6382023 1.7366904
 1.6348315 1.7367194
 1.6322252 1.7393259
 1.6318350 1.7426966
 1.6318328 1.7460675
 1.6322175 1.7494383
 1.6348315 1.7520523
 1.6382023 1.7521030
 1.6383759 1.7528090
 1.6384350 1.7561798
 1.6385614 1.7595506
 1.6384138 1.7629215
 1.6383692 1.7662922
 1.6383625 1.7696630
 1.6384209 1.7730337
 1.6385915 1.7764045
 1.6390239 1.7797754
 1.6415731 1.7823244
 1.6449438 1.7822343
 1.6451246 1.7831461
 1.6451863 1.7865169
 1.6457293 1.7898877
 1.6460379 1.7932585
 1.6478900 1.7966293
 1.6483147 1.7970539
 1.6488026 1.7966293
 1.6516855 1.7961081
 1.6518785 1.7966293
 1.6521742 1.8000001
 1.6529636 1.8033708
 1.6550562 1.8054636
 1.6583723 1.8033708
 1.6584270 1.8033646
 1.6584301 1.8033708
 1.6586502 1.8067416
 1.6587908 1.8101125
 1.6584270 1.8114334
 1.6550562 1.8111333
 1.6527064 1.8134832
 1.6521442 1.8168540
 1.6521264 1.8202248
 1.6523204 1.8235955
 1.6550562 1.8263315
 1.6584270 1.8265942
 1.6586462 1.8269664
 1.6586481 1.8303372
 1.6588461 1.8337079
 1.6594058 1.8370787
 1.6608180 1.8404495
 1.6617978 1.8414295
 1.6647846 1.8404495
 1.6651686 1.8404281
 1.6652043 1.8404495
 1.6685394 1.8432508
 1.6719102 1.8428147
 1.6752809 1.8433782
 1.6786517 1.8427694
 1.6786940 1.8438203
 1.6787283 1.8471911
 1.6794546 1.8505619
 1.6793115 1.8539326
 1.6791546 1.8573034
 1.6788961 1.8606743
 1.6789391 1.8640450
 1.6789436 1.8674158
 1.6794519 1.8707865
 1.6820226 1.8733573
 1.6853933 1.8730773
 1.6855400 1.8741573
 1.6855650 1.8775282
 1.6856476 1.8808990
 1.6857928 1.8842697
 1.6887641 1.8872410
 1.6921349 1.8873873
 1.6922578 1.8876405
 1.6922513 1.8910114
 1.6929080 1.8943821
 1.6928040 1.8977529
 1.6942829 1.9011236
 1.6955056 1.9023466
 1.6988765 1.9021530
 1.6990427 1.9044944
 1.6992404 1.9078653
 1.7001958 1.9112360
 1.7012807 1.9146068
 1.7022473 1.9155734
 1.7056180 1.9164765
 1.7060306 1.9179776
 1.7061027 1.9213483
 1.7089888 1.9242345
 1.7123597 1.9244752
 1.7125964 1.9247192
 1.7125435 1.9280900
 1.7130650 1.9314607
 1.7157304 1.9341260
 1.7191012 1.9343445
 1.7191720 1.9348315
 1.7193025 1.9382023
 1.7196178 1.9415731
 1.7202933 1.9449439
 1.7224720 1.9471227
 1.7258427 1.9476823
 1.7259753 1.9483147
 1.7260000 1.9516854
 1.7270216 1.9550562
 1.7267914 1.9584271
 1.7292136 1.9608492
 1.7325844 1.9613928
 1.7329402 1.9617978
 1.7327691 1.9651686
 1.7334557 1.9685394
 1.7359551 1.9710389
 1.7393259 1.9715711
 1.7393866 1.9719102
 1.7394953 1.9752810
 1.7397929 1.9786518
 1.7401654 1.9820225
 1.7426966 1.9845539
 1.7460675 1.9850390
 1.7461329 1.9853933
 1.7461232 1.9887642
 1.7470205 1.9921349
 1.7465321 1.9955057
 1.7489530 1.9988765
 1.7494383 1.9993618
 1.7528090 2.0015078
 1.7561798 2.0018559
 1.7595506 2.0021513
 1.7629215 2.0020833
 1.7662922 2.0022037
 1.7696630 2.0020912
 1.7730337 2.0022047
 1.7764045 2.0020158
 1.7795439 1.9988765
 1.7797754 1.9988612
 1.7831461 1.9988557
 1.7865169 1.9988376
 1.7898488 1.9955057
 1.7898576 1.9921349
 1.7898877 1.9919584
 1.7932585 1.9918878
 1.7963822 1.9887642
 1.7964805 1.9853933
 1.7965418 1.9820225
 1.7965554 1.9786518
 1.7965418 1.9752810
 1.7965381 1.9719102
 1.7963933 1.9685394
 1.7963570 1.9651686
 1.7958680 1.9617978
 1.7932585 1.9591882
 1.7898877 1.9606844
 1.7898576 1.9584271
 1.7898276 1.9550562
 1.7896881 1.9516854
 1.7894894 1.9483147
 1.7865169 1.9453422
 1.7831461 1.9453036
 1.7830827 1.9449439
 1.7830521 1.9415731
 1.7797754 1.9382963
 1.7764045 1.9382617
 1.7763784 1.9382023
 1.7763798 1.9348315
 1.7763505 1.9314607
 1.7762862 1.9280900
 1.7760657 1.9247192
 1.7730337 1.9216872
 1.7696630 1.9218162
 1.7696309 1.9213483
 1.7695975 1.9179776
 1.7692574 1.9146068
 1.7689917 1.9112360
 1.7662922 1.9085366
 1.7629215 1.9083045
 1.7628669 1.9078653
 1.7628609 1.9044944
 1.7612948 1.9011236
 1.7615290 1.8977529
 1.7595506 1.8948898
 1.7561798 1.8945934
 1.7561642 1.8943821
 1.7561114 1.8910114
 1.7560146 1.8876405
 1.7554828 1.8842697
 1.7548296 1.8808990
 1.7528090 1.8788784
 1.7494383 1.8783896
 1.7493122 1.8775282
 1.7493237 1.8741573
 1.7490429 1.8707865
 1.7491039 1.8674158
 1.7482110 1.8640450
 1.7460675 1.8619014
 1.7426966 1.8616312
 1.7426078 1.8606743
 1.7425035 1.8573034
 1.7424996 1.8539326
 1.7422941 1.8505619
 1.7410613 1.8471911
 1.7402445 1.8438203
 1.7393259 1.8429017
 1.7359551 1.8416997
 1.7355407 1.8404495
 1.7356420 1.8370787
 1.7332824 1.8337079
 1.7343528 1.8303372
 1.7325844 1.8280277
 1.7292502 1.8269664
 1.7292136 1.8269477
 1.7289985 1.8235955
 1.7286928 1.8202248
 1.7283387 1.8168540
 1.7275337 1.8134832
 1.7258427 1.8117923
 1.7224720 1.8108761
 1.7221868 1.8101125
 1.7222468 1.8067416
 1.7213385 1.8033708
 1.7218337 1.8000001
 1.7191012 1.7972674
 1.7157304 1.7968782
 1.7151308 1.7966293
 1.7155560 1.7932585
 1.7151952 1.7898877
 1.7154355 1.7865169
 1.7151408 1.7831461
 1.7145344 1.7797754
 1.7141225 1.7764045
 1.7123597 1.7746416
 1.7089888 1.7736783
 1.7082894 1.7730337
 1.7086729 1.7696630
 1.7069734 1.7662922
 1.7083089 1.7629215
 1.7056180 1.7598050
 1.7052381 1.7595506
 1.7022473 1.7571313
 1.7020128 1.7561798
 1.7016662 1.7528090
 1.7018358 1.7494383
 1.7014387 1.7460675
 1.6988765 1.7435052
 1.6955056 1.7429622
 1.6948940 1.7426966
 1.6951584 1.7393259
 1.6936667 1.7359551
 1.6948872 1.7325844
 1.6921349 1.7298322
 1.6887641 1.7294359
 1.6853933 1.7294008
 1.6820226 1.7295481
 1.6789863 1.7325844
 1.6788936 1.7359551
 1.6788086 1.7393259
 1.6788236 1.7426966
 1.6786517 1.7435169
 1.6752809 1.7429293
 1.6719102 1.7430681
 1.6685394 1.7429900
 1.6653014 1.7460675
 1.6651686 1.7480630
 1.6642896 1.7460675
 1.6617978 1.7442156
 1.6609387 1.7426966
 1.6610852 1.7393259
 1.6584270 1.7366678
 1.6550562 1.7361904
 1.6516855 1.7360343
 1.6515930 1.7359551
 1.6516855 1.7352607
 1.6537179 1.7325844
 1.6516855 1.7305518
 1.6483147 1.7296789
 1.6449438 1.7295822
 1.6415731 1.7297721
 1.6387609 1.7325844
 0.1000000E-12   275
 2.0262730 2.1505618
 2.0261130 2.1539326
 2.0261338 2.1573033
 2.0262086 2.1606743
 2.0292137 2.1636791
 2.0325844 2.1638527
 2.0328581 2.1640451
 2.0328107 2.1674159
 2.0334144 2.1707866
 2.0359552 2.1733274
 2.0393260 2.1735077
 2.0395977 2.1741574
 2.0402627 2.1775281
 2.0426967 2.1799622
 2.0460675 2.1802971
 2.0469022 2.1808989
 2.0480630 2.1842697
 2.0460675 2.1844900
 2.0426967 2.1845725
 2.0393260 2.1851833
 2.0359552 2.1858253
 2.0341399 2.1876404
 2.0333719 2.1910114
 2.0336039 2.1943822
 2.0335541 2.1977530
 2.0359552 2.2001538
 2.0393260 2.2006762
 2.0405385 2.2011237
 2.0401292 2.2044945
 2.0423911 2.2078652
 2.0426967 2.2081709
 2.0460675 2.2092707
 2.0462453 2.2112360
 2.0464647 2.2146068
 2.0465727 2.2179775
 2.0466254 2.2213483
 2.0465667 2.2247193
 2.0463564 2.2280900
 2.0466857 2.2314608
 2.0465071 2.2348316
 2.0479290 2.2382023
 2.0494382 2.2397115
 2.0528090 2.2405560
 2.0561798 2.2408063
 2.0595505 2.2410014
 2.0600901 2.2415731
 2.0616281 2.2449439
 2.0629215 2.2462370
 2.0662923 2.2473824
 2.0679770 2.2483146
 2.0696630 2.2511761
 2.0702515 2.2516854
 2.0730338 2.2532268
 2.0764046 2.2541842
 2.0797753 2.2545614
 2.0818939 2.2550561
 2.0825753 2.2584271
 2.0831461 2.2589977
 2.0865169 2.2606051
 2.0898876 2.2612448
 2.0932584 2.2614677
 2.0966043 2.2617979
 2.0954177 2.2651687
 2.0966294 2.2663803
 2.1000001 2.2676859
 2.1033709 2.2684574
 2.1034868 2.2685394
 2.1033709 2.2695510
 2.1018422 2.2719102
 2.1033709 2.2737284
 2.1058440 2.2752810
 2.1067417 2.2759707
 2.1101124 2.2759740
 2.1134832 2.2779474
 2.1168540 2.2769673
 2.1202247 2.2781639
 2.1211851 2.2786517
 2.1235955 2.2818477
 2.1237738 2.2820225
 2.1269665 2.2844198
 2.1281617 2.2853932
 2.1291652 2.2887642
 2.1303372 2.2899361
 2.1337080 2.2914176
 2.1370788 2.2914495
 2.1404495 2.2917209
 2.1438203 2.2915976
 2.1471910 2.2918782
 2.1505618 2.2918096
 2.1539326 2.2919610
 2.1573033 2.2919309
 2.1606743 2.2920451
 2.1615412 2.2921350
 2.1612852 2.2955058
 2.1640451 2.2982657
 2.1674159 2.2986639
 2.1707866 2.2987587
 2.1741574 2.2988083
 2.1758354 2.2988765
 2.1745007 2.3022473
 2.1775281 2.3054039
 2.1777580 2.3056180
 2.1808989 2.3086214
 2.1816556 2.3089888
 2.1842697 2.3118927
 2.1847115 2.3123596
 2.1876404 2.3150103
 2.1910114 2.3133030
 2.1943822 2.3154082
 2.1977530 2.3138893
 2.2011237 2.3155098
 2.2024441 2.3157303
 2.2044945 2.3187089
 2.2047043 2.3191011
 2.2078652 2.3216460
 2.2112360 2.3215950
 2.2146068 2.3222303
 2.2179775 2.3224375
 2.2180684 2.3224721
 2.2183361 2.3258429
 2.2213483 2.3279564
 2.2247193 2.3285971
 2.2280900 2.3289585
 2.2314608 2.3290594
 2.2348316 2.3291497
 2.2382023 2.3291359
 2.2415731 2.3291595
 2.2449439 2.3290925
 2.2483146 2.3291490
 2.2516854 2.3291297
 2.2550561 2.3291674
 2.2584271 2.3291409
 2.2617979 2.3291423
 2.2651687 2.3290162
 2.2685394 2.3285820
 2.2719102 2.3270609
 2.2731283 2.3258429
 2.2732186 2.3224721
 2.2724714 2.3191011
 2.2735410 2.3157303
 2.2719102 2.3129985
 2.2718508 2.3123596
 2.2719102 2.3122902
 2.2749863 2.3089888
 2.2719102 2.3058946
 2.2718613 2.3056180
 2.2719102 2.3054295
 2.2750795 2.3022473
 2.2729023 2.2988765
 2.2746074 2.2955058
 2.2729886 2.2921350
 2.2719102 2.2910566
 2.2685394 2.2891738
 2.2683969 2.2887642
 2.2683873 2.2853932
 2.2651687 2.2821746
 2.2617979 2.2820671
 2.2609606 2.2820225
 2.2615511 2.2786517
 2.2584271 2.2755277
 2.2550561 2.2753665
 2.2516854 2.2753465
 2.2514217 2.2752810
 2.2512610 2.2719102
 2.2505124 2.2685394
 2.2483146 2.2663417
 2.2460361 2.2685394
 2.2449439 2.2687657
 2.2447302 2.2685394
 2.2415731 2.2654047
 2.2383270 2.2685394
 2.2382023 2.2685702
 2.2381670 2.2685394
 2.2379522 2.2651687
 2.2375386 2.2617979
 2.2348316 2.2590907
 2.2314608 2.2607114
 2.2311165 2.2584271
 2.2306561 2.2550561
 2.2280900 2.2524900
 2.2247193 2.2528143
 2.2213483 2.2519500
 2.2179775 2.2521615
 2.2178059 2.2516854
 2.2176478 2.2483146
 2.2146068 2.2452736
 2.2112360 2.2452197
 2.2078652 2.2451444
 2.2044945 2.2452800
 2.2011237 2.2451563
 2.1977530 2.2451804
 2.1943822 2.2449896
 2.1910114 2.2449853
 2.1909482 2.2449439
 2.1909173 2.2415731
 2.1907640 2.2382023
 2.1876404 2.2350788
 2.1842697 2.2377195
 2.1840732 2.2348316
 2.1837516 2.2314608
 2.1808989 2.2286079
 2.1775281 2.2301207
 2.1766088 2.2280900
 2.1753597 2.2247193
 2.1741574 2.2235169
 2.1707866 2.2247071
 2.1674159 2.2215014
 2.1640451 2.2215903
 2.1639290 2.2213483
 2.1638269 2.2179775
 2.1606743 2.2148249
 2.1573033 2.2147970
 2.1563189 2.2146068
 2.1558559 2.2112360
 2.1539326 2.2093129
 2.1505618 2.2087548
 2.1471910 2.2079821
 2.1438203 2.2079430
 2.1437218 2.2078652
 2.1437066 2.2044945
 2.1435044 2.2011237
 2.1404495 2.1980689
 2.1370788 2.1986973
 2.1369112 2.1977530
 2.1366563 2.1943822
 2.1337080 2.1914337
 2.1303372 2.1916502
 2.1291568 2.1910114
 2.1279757 2.1876404
 2.1269665 2.1866312
 2.1235955 2.1863902
 2.1202247 2.1845510
 2.1168540 2.1845458
 2.1165924 2.1842697
 2.1164725 2.1808989
 2.1134832 2.1779096
 2.1101124 2.1777647
 2.1097374 2.1775281
 2.1097078 2.1741574
 2.1088996 2.1707866
 2.1067417 2.1686287
 2.1033709 2.1695654
 2.1000001 2.1679013
 2.0966294 2.1684532
 2.0932584 2.1679301
 2.0898876 2.1685600
 2.0896008 2.1674159
 2.0890243 2.1640451
 2.0865169 2.1615376
 2.0831461 2.1615672
 2.0826674 2.1606743
 2.0820396 2.1573033
 2.0797753 2.1550391
 2.0764046 2.1547625
 2.0748029 2.1539326
 2.0739033 2.1505618
 2.0730338 2.1496923
 2.0696630 2.1486542
 2.0662923 2.1481047
 2.0629215 2.1481609
 2.0595505 2.1486216
 2.0561798 2.1500237
 2.0556417 2.1505618
 2.0547192 2.1539326
 2.0528090 2.1558354
 2.0494382 2.1550841
 2.0460675 2.1542842
 2.0426967 2.1541817
 2.0423770 2.1539326
 2.0422144 2.1505618
 2.0393260 2.1476734
 2.0359552 2.1474314
 2.0325844 2.1474390
 2.0292137 2.1476214
 2.0262730 2.1505618
 0.1000000E-12   261
 1.7265246 2.4370787
 1.7292136 2.4403212
 1.7292337 2.4404495
 1.7292136 2.4405310
 1.7263042 2.4438202
 1.7267945 2.4471910
 1.7270924 2.4505620
 1.7267922 2.4539328
 1.7292136 2.4565620
 1.7295952 2.4573035
 1.7292136 2.4599931
 1.7286943 2.4606743
 1.7292136 2.4611936
 1.7325844 2.4630544
 1.7359551 2.4638081
 1.7360646 2.4640450
 1.7359551 2.4644485
 1.7330279 2.4674158
 1.7359551 2.4704468
 1.7360969 2.4707866
 1.7359551 2.4719656
 1.7340027 2.4741573
 1.7359551 2.4765661
 1.7365903 2.4775281
 1.7393259 2.4798982
 1.7426966 2.4777157
 1.7427909 2.4808989
 1.7429219 2.4842699
 1.7460675 2.4874153
 1.7494383 2.4873288
 1.7495160 2.4876406
 1.7495934 2.4910114
 1.7528090 2.4942269
 1.7561798 2.4942491
 1.7562339 2.4943821
 1.7562629 2.4977529
 1.7563533 2.5011237
 1.7570188 2.5044944
 1.7584468 2.5078652
 1.7595506 2.5089691
 1.7608770 2.5078652
 1.7629215 2.5075347
 1.7630230 2.5078652
 1.7662922 2.5111020
 1.7696630 2.5104091
 1.7697017 2.5112360
 1.7697482 2.5146067
 1.7703779 2.5179777
 1.7711394 2.5213485
 1.7730337 2.5232427
 1.7764045 2.5232229
 1.7771100 2.5247192
 1.7775980 2.5280900
 1.7797754 2.5302672
 1.7831461 2.5306382
 1.7834872 2.5314608
 1.7836261 2.5348315
 1.7844301 2.5382023
 1.7865169 2.5402892
 1.7888629 2.5382023
 1.7898877 2.5380189
 1.7899307 2.5382023
 1.7901739 2.5415730
 1.7906127 2.5449438
 1.7932585 2.5475898
 1.7966293 2.5464411
 1.7967634 2.5483148
 1.7969198 2.5516856
 1.8000001 2.5547657
 1.8033708 2.5547054
 1.8035721 2.5550563
 1.8037239 2.5584271
 1.8067416 2.5614448
 1.8101125 2.5615292
 1.8101891 2.5617979
 1.8102200 2.5651686
 1.8134832 2.5684319
 1.8168540 2.5684791
 1.8169158 2.5685394
 1.8169266 2.5719101
 1.8170480 2.5752809
 1.8202248 2.5784578
 1.8235955 2.5780745
 1.8236901 2.5786517
 1.8238161 2.5820227
 1.8269664 2.5851729
 1.8303372 2.5850847
 1.8304162 2.5853934
 1.8304837 2.5887642
 1.8337079 2.5919883
 1.8370787 2.5920112
 1.8371536 2.5921350
 1.8371773 2.5955057
 1.8381028 2.5988765
 1.8382388 2.6022472
 1.8403533 2.6056180
 1.8404495 2.6057143
 1.8406005 2.6056180
 1.8438203 2.6052530
 1.8440188 2.6056180
 1.8471911 2.6086831
 1.8505619 2.6081727
 1.8507195 2.6089888
 1.8509737 2.6123595
 1.8539326 2.6153185
 1.8573034 2.6151261
 1.8574581 2.6157305
 1.8576245 2.6191013
 1.8606743 2.6221509
 1.8640450 2.6221836
 1.8643285 2.6224720
 1.8644750 2.6258428
 1.8674158 2.6287837
 1.8707865 2.6289382
 1.8741573 2.6292069
 1.8775282 2.6292093
 1.8775322 2.6292136
 1.8775327 2.6325843
 1.8808990 2.6359506
 1.8842697 2.6359529
 1.8842739 2.6359551
 1.8842732 2.6393259
 1.8842802 2.6426966
 1.8876405 2.6460571
 1.8910114 2.6460547
 1.8910136 2.6460676
 1.8910166 2.6494384
 1.8943821 2.6528037
 1.8977529 2.6528046
 1.8977563 2.6528091
 1.8977588 2.6561799
 1.9011236 2.6595447
 1.9044944 2.6595469
 1.9078653 2.6595471
 1.9112360 2.6595428
 1.9145989 2.6561799
 1.9146020 2.6528091
 1.9146029 2.6494384
 1.9146043 2.6460676
 1.9145994 2.6426966
 1.9146025 2.6393259
 1.9145856 2.6359551
 1.9112360 2.6326056
 1.9078653 2.6325929
 1.9078619 2.6325843
 1.9078529 2.6292136
 1.9044944 2.6258552
 1.9011236 2.6258478
 1.9011197 2.6258428
 1.9011146 2.6224720
 1.9003906 2.6191013
 1.9002365 2.6157305
 1.8977529 2.6132467
 1.8943821 2.6127400
 1.8940903 2.6123595
 1.8941948 2.6089888
 1.8910114 2.6058054
 1.8876405 2.6056926
 1.8873935 2.6056180
 1.8875446 2.6022472
 1.8871058 2.5988765
 1.8842697 2.5960405
 1.8808990 2.5956511
 1.8808249 2.5955057
 1.8806473 2.5921350
 1.8775282 2.5890157
 1.8741573 2.5888448
 1.8740726 2.5887642
 1.8740150 2.5853934
 1.8707865 2.5821650
 1.8674158 2.5820754
 1.8673333 2.5820227
 1.8673508 2.5786517
 1.8640450 2.5753460
 1.8606743 2.5753062
 1.8605473 2.5752809
 1.8606312 2.5719101
 1.8603203 2.5685394
 1.8596754 2.5651686
 1.8573034 2.5622747
 1.8567305 2.5617979
 1.8539326 2.5595846
 1.8516498 2.5584271
 1.8505619 2.5566475
 1.8495332 2.5550563
 1.8471911 2.5533965
 1.8461367 2.5516856
 1.8460100 2.5483148
 1.8438203 2.5461249
 1.8404495 2.5453594
 1.8389295 2.5449438
 1.8397912 2.5415730
 1.8370787 2.5388608
 1.8337079 2.5384414
 1.8303372 2.5382094
 1.8303044 2.5382023
 1.8303372 2.5379767
 1.8329338 2.5348315
 1.8303372 2.5319779
 1.8297403 2.5314608
 1.8269664 2.5289710
 1.8264796 2.5280900
 1.8247159 2.5247192
 1.8235955 2.5235989
 1.8202248 2.5217662
 1.8199859 2.5213485
 1.8197964 2.5179777
 1.8168540 2.5150352
 1.8134832 2.5147281
 1.8132046 2.5146067
 1.8133010 2.5112360
 1.8101125 2.5080476
 1.8067416 2.5079279
 1.8062841 2.5078652
 1.8066577 2.5044944
 1.8042771 2.5011237
 1.8033708 2.5002174
 1.8000001 2.4978409
 1.7999313 2.4977529
 1.7992549 2.4943821
 1.7971909 2.4910114
 1.7966293 2.4901848
 1.7952430 2.4876406
 1.7932585 2.4860616
 1.7921516 2.4842699
 1.7920489 2.4808989
 1.7898877 2.4787376
 1.7865169 2.4778922
 1.7851002 2.4775281
 1.7860507 2.4741573
 1.7831461 2.4712529
 1.7797754 2.4709477
 1.7764045 2.4708200
 1.7763602 2.4707866
 1.7764045 2.4705415
 1.7793843 2.4674158
 1.7764045 2.4643683
 1.7760941 2.4640450
 1.7730337 2.4610503
 1.7723554 2.4606743
 1.7696630 2.4575047
 1.7695156 2.4573035
 1.7662922 2.4544504
 1.7655894 2.4539328
 1.7649115 2.4505620
 1.7629215 2.4485717
 1.7595506 2.4475181
 1.7586565 2.4471910
 1.7589853 2.4438202
 1.7561798 2.4410148
 1.7528090 2.4406328
 1.7494383 2.4405837
 1.7491527 2.4404495
 1.7489241 2.4370787
 1.7460675 2.4342220
 1.7426966 2.4340568
 1.7393259 2.4338737
 1.7359551 2.4338589
 1.7325844 2.4339442
 1.7292136 2.4343898
 1.7265246 2.4370787
 0.1000000E-12     5
 1.7696797 2.4640450
 1.7696630 2.4640472
 1.7696607 2.4640450
 1.7696630 2.4640119
 1.7696797 2.4640450
 0.1000000E-11   307
 1.6819967 1.7325844
 1.6810702 1.7359551
 1.6802193 1.7393259
 1.6803700 1.7426966
 1.6807321 1.7460675
 1.6820226 1.7480514
 1.6853933 1.7493352
 1.6855727 1.7494383
 1.6866727 1.7528090
 1.6860682 1.7561798
 1.6867185 1.7595506
 1.6853933 1.7600474
 1.6849520 1.7595506
 1.6845264 1.7561798
 1.6820226 1.7536585
 1.6786517 1.7530106
 1.6785219 1.7528090
 1.6785288 1.7494383
 1.6767385 1.7460675
 1.6752809 1.7450234
 1.6724859 1.7460675
 1.6719102 1.7461178
 1.6706175 1.7460675
 1.6685394 1.7456313
 1.6680804 1.7460675
 1.6663829 1.7494383
 1.6657119 1.7528090
 1.6651686 1.7532867
 1.6640081 1.7528090
 1.6617978 1.7501849
 1.6609055 1.7494383
 1.6584270 1.7468596
 1.6581649 1.7460675
 1.6577884 1.7426966
 1.6565741 1.7393259
 1.6550562 1.7383096
 1.6516855 1.7378429
 1.6494806 1.7359551
 1.6483147 1.7337877
 1.6449438 1.7327278
 1.6415731 1.7359225
 1.6415601 1.7359551
 1.6395361 1.7393259
 1.6382023 1.7402737
 1.6350569 1.7426966
 1.6350427 1.7460675
 1.6382023 1.7485250
 1.6390529 1.7494383
 1.6399381 1.7528090
 1.6405290 1.7561798
 1.6415731 1.7591472
 1.6419827 1.7595506
 1.6415731 1.7598648
 1.6403173 1.7629215
 1.6398718 1.7662922
 1.6398041 1.7696630
 1.6403879 1.7730337
 1.6415731 1.7757367
 1.6418735 1.7764045
 1.6449438 1.7787131
 1.6459167 1.7797754
 1.6467503 1.7831461
 1.6473682 1.7865169
 1.6483147 1.7878859
 1.6501515 1.7898877
 1.6516855 1.7916515
 1.6524178 1.7932585
 1.6539191 1.7966293
 1.6550562 1.7987112
 1.6562122 1.8000001
 1.6584270 1.8013390
 1.6594498 1.8033708
 1.6606586 1.8067416
 1.6617978 1.8096886
 1.6621716 1.8101125
 1.6617978 1.8117949
 1.6614944 1.8134832
 1.6584270 1.8148637
 1.6557236 1.8168540
 1.6554401 1.8202248
 1.6584270 1.8234310
 1.6586115 1.8235955
 1.6606190 1.8269664
 1.6606376 1.8303372
 1.6617978 1.8327926
 1.6626043 1.8337079
 1.6651686 1.8367271
 1.6655014 1.8370787
 1.6685394 1.8391634
 1.6719102 1.8395759
 1.6752809 1.8400092
 1.6786517 1.8391449
 1.6788561 1.8404495
 1.6790743 1.8438203
 1.6794181 1.8471911
 1.6820226 1.8500704
 1.6840678 1.8505619
 1.6842679 1.8539326
 1.6831690 1.8573034
 1.6820226 1.8588705
 1.6810951 1.8606743
 1.6815249 1.8640450
 1.6815704 1.8674158
 1.6820226 1.8681275
 1.6853933 1.8699384
 1.6868308 1.8707865
 1.6868603 1.8741573
 1.6871101 1.8775282
 1.6879362 1.8808990
 1.6887641 1.8831758
 1.6898469 1.8842697
 1.6921349 1.8851070
 1.6933644 1.8876405
 1.6932994 1.8910114
 1.6955056 1.8936087
 1.6963239 1.8943821
 1.6977336 1.8977529
 1.6988765 1.8985254
 1.7001585 1.9011236
 1.7005385 1.9044944
 1.7022473 1.9076394
 1.7024494 1.9078653
 1.7054068 1.9112360
 1.7056180 1.9114393
 1.7067829 1.9146068
 1.7089888 1.9176037
 1.7091502 1.9179776
 1.7104851 1.9213483
 1.7123597 1.9222794
 1.7147280 1.9247192
 1.7141978 1.9280900
 1.7157304 1.9301625
 1.7191012 1.9311807
 1.7193762 1.9314607
 1.7198088 1.9348315
 1.7211138 1.9382023
 1.7224720 1.9404273
 1.7230939 1.9415731
 1.7258427 1.9441580
 1.7261952 1.9449439
 1.7271672 1.9483147
 1.7274150 1.9516854
 1.7292136 1.9537607
 1.7304052 1.9550562
 1.7325844 1.9580430
 1.7326862 1.9584271
 1.7359551 1.9617651
 1.7359732 1.9617978
 1.7359551 1.9620011
 1.7344310 1.9651686
 1.7359551 1.9671025
 1.7393259 1.9685345
 1.7393309 1.9685394
 1.7399330 1.9719102
 1.7410189 1.9752810
 1.7426966 1.9779128
 1.7430265 1.9786518
 1.7460675 1.9819599
 1.7460809 1.9820225
 1.7467223 1.9853933
 1.7466242 1.9887642
 1.7494383 1.9917529
 1.7499615 1.9921349
 1.7502067 1.9955057
 1.7528090 1.9976313
 1.7561798 1.9987996
 1.7563567 1.9988765
 1.7595506 2.0012856
 1.7629215 2.0006068
 1.7662922 2.0018106
 1.7696630 2.0006852
 1.7730337 2.0018213
 1.7764045 1.9999325
 1.7774606 1.9988765
 1.7797754 1.9987253
 1.7831461 1.9986691
 1.7865169 1.9984878
 1.7894990 1.9955057
 1.7895867 1.9921349
 1.7898877 1.9903703
 1.7932585 1.9896631
 1.7941575 1.9887642
 1.7951407 1.9853933
 1.7957543 1.9820225
 1.7958901 1.9786518
 1.7957555 1.9752810
 1.7957181 1.9719102
 1.7942705 1.9685394
 1.7939076 1.9651686
 1.7932585 1.9641582
 1.7898877 1.9629432
 1.7897414 1.9617978
 1.7895867 1.9584271
 1.7892865 1.9550562
 1.7878916 1.9516854
 1.7865169 1.9489300
 1.7831461 1.9483597
 1.7831340 1.9483147
 1.7825116 1.9449439
 1.7822065 1.9415731
 1.7797754 1.9391419
 1.7764045 1.9387974
 1.7761422 1.9382023
 1.7761570 1.9348315
 1.7758641 1.9314607
 1.7752213 1.9280900
 1.7730337 1.9247289
 1.7696630 1.9248627
 1.7695998 1.9247192
 1.7693412 1.9213483
 1.7690079 1.9179776
 1.7662922 1.9147385
 1.7660737 1.9146068
 1.7629215 1.9115303
 1.7628714 1.9112360
 1.7623773 1.9078653
 1.7623169 1.9044944
 1.7595506 1.9016213
 1.7572100 1.9011236
 1.7561798 1.8995831
 1.7560933 1.8977529
 1.7557288 1.8943821
 1.7554941 1.8910114
 1.7545282 1.8876405
 1.7528090 1.8853875
 1.7515950 1.8842697
 1.7494383 1.8822434
 1.7491449 1.8808990
 1.7481781 1.8775282
 1.7482919 1.8741573
 1.7460675 1.8710248
 1.7459724 1.8707865
 1.7460675 1.8675958
 1.7460953 1.8674158
 1.7460675 1.8673775
 1.7426966 1.8651499
 1.7418449 1.8640450
 1.7418088 1.8606743
 1.7407643 1.8573034
 1.7407249 1.8539326
 1.7393259 1.8511914
 1.7389373 1.8505619
 1.7361168 1.8471911
 1.7359551 1.8470160
 1.7347981 1.8438203
 1.7325844 1.8408465
 1.7324566 1.8404495
 1.7325844 1.8380562
 1.7328231 1.8370787
 1.7325844 1.8368082
 1.7299517 1.8337079
 1.7292136 1.8325007
 1.7285906 1.8303372
 1.7258427 1.8270340
 1.7258228 1.8269664
 1.7258427 1.8267462
 1.7270629 1.8235955
 1.7258427 1.8215170
 1.7253523 1.8202248
 1.7243478 1.8168540
 1.7224720 1.8148991
 1.7213528 1.8134832
 1.7196201 1.8101125
 1.7202204 1.8067416
 1.7191012 1.8053451
 1.7183102 1.8033708
 1.7171756 1.8000001
 1.7157304 1.7991185
 1.7123597 1.7971617
 1.7121296 1.7966293
 1.7123597 1.7955526
 1.7139866 1.7932585
 1.7123597 1.7908452
 1.7121273 1.7898877
 1.7123597 1.7874551
 1.7127806 1.7865169
 1.7123597 1.7856742
 1.7117058 1.7831461
 1.7106726 1.7797754
 1.7089888 1.7777516
 1.7072296 1.7764045
 1.7056180 1.7748619
 1.7051511 1.7730337
 1.7056180 1.7700496
 1.7058301 1.7696630
 1.7056180 1.7694116
 1.7046226 1.7662922
 1.7037921 1.7629215
 1.7022473 1.7615806
 1.6988765 1.7606081
 1.6982800 1.7595506
 1.6988765 1.7574844
 1.6999027 1.7561798
 1.6988765 1.7544595
 1.6986083 1.7528090
 1.6986977 1.7494383
 1.6965698 1.7460675
 1.6955056 1.7453530
 1.6921349 1.7446960
 1.6916763 1.7426966
 1.6920975 1.7393259
 1.6912754 1.7359551
 1.6905557 1.7325844
 1.6887641 1.7314365
 1.6853933 1.7310864
 1.6820226 1.7325586
 1.6819967 1.7325844
 0.1000000E-11     5
 1.6723226 1.8269664
 1.6719102 1.8280592
 1.6713077 1.8269664
 1.6719102 1.8260456
 1.6723226 1.8269664
 0.1000000E-11   293
 2.0304794 2.1505618
 2.0292137 2.1521378
 2.0285468 2.1539326
 2.0287533 2.1573033
 2.0292137 2.1595578
 2.0295312 2.1606743
 2.0325844 2.1621222
 2.0353224 2.1640451
 2.0348477 2.1674159
 2.0359552 2.1689382
 2.0393260 2.1702332
 2.0410430 2.1707866
 2.0420430 2.1741574
 2.0426967 2.1750782
 2.0460675 2.1770327
 2.0480809 2.1775281
 2.0494382 2.1786480
 2.0512428 2.1808989
 2.0528090 2.1823351
 2.0546927 2.1842697
 2.0528090 2.1861906
 2.0494382 2.1860826
 2.0460675 2.1864724
 2.0426967 2.1872971
 2.0421829 2.1876404
 2.0393260 2.1891878
 2.0374203 2.1910114
 2.0371470 2.1943822
 2.0393260 2.1971874
 2.0398340 2.1977530
 2.0426967 2.1999714
 2.0438216 2.2011237
 2.0455704 2.2044945
 2.0460675 2.2048588
 2.0482502 2.2078652
 2.0478458 2.2112360
 2.0494382 2.2141190
 2.0496547 2.2146068
 2.0501113 2.2179775
 2.0501995 2.2213483
 2.0499647 2.2247193
 2.0494382 2.2269499
 2.0489581 2.2280900
 2.0494382 2.2289917
 2.0498078 2.2314608
 2.0501423 2.2348316
 2.0528090 2.2367511
 2.0561798 2.2373657
 2.0595505 2.2375557
 2.0629215 2.2377336
 2.0632493 2.2382023
 2.0639067 2.2415731
 2.0662923 2.2435522
 2.0696630 2.2443762
 2.0707464 2.2449439
 2.0730338 2.2477186
 2.0739522 2.2483146
 2.0764046 2.2498481
 2.0797753 2.2511466
 2.0831461 2.2514460
 2.0837114 2.2516854
 2.0865169 2.2549164
 2.0867245 2.2550561
 2.0898876 2.2571399
 2.0930870 2.2584271
 2.0932584 2.2584963
 2.0966294 2.2592263
 2.0998578 2.2617979
 2.1000001 2.2620051
 2.1018043 2.2651687
 2.1033709 2.2663810
 2.1064177 2.2685394
 2.1067417 2.2691271
 2.1092355 2.2719102
 2.1101124 2.2724471
 2.1134832 2.2740014
 2.1168540 2.2740653
 2.1202247 2.2746768
 2.1235955 2.2743948
 2.1244912 2.2752810
 2.1258824 2.2786517
 2.1269665 2.2797303
 2.1303372 2.2812369
 2.1310935 2.2820225
 2.1322775 2.2853932
 2.1337080 2.2870779
 2.1370788 2.2879090
 2.1404495 2.2883167
 2.1438203 2.2881818
 2.1456540 2.2887642
 2.1471910 2.2895665
 2.1505618 2.2888827
 2.1539326 2.2903945
 2.1573033 2.2900970
 2.1606743 2.2912364
 2.1640451 2.2915771
 2.1646111 2.2921350
 2.1655059 2.2955058
 2.1674159 2.2967508
 2.1707866 2.2976987
 2.1741574 2.2981956
 2.1775281 2.2985244
 2.1780066 2.2988765
 2.1775610 2.3022473
 2.1808989 2.3054733
 2.1842697 2.3050942
 2.1848919 2.3056180
 2.1860676 2.3089888
 2.1876404 2.3105972
 2.1910114 2.3112988
 2.1942112 2.3123596
 2.1943822 2.3125079
 2.1945620 2.3123596
 2.1977530 2.3116312
 2.1998000 2.3123596
 2.2011237 2.3135247
 2.2028673 2.3123596
 2.2044945 2.3121583
 2.2047682 2.3123596
 2.2072515 2.3157303
 2.2078652 2.3164678
 2.2112360 2.3182247
 2.2132907 2.3191011
 2.2146068 2.3200545
 2.2179775 2.3204148
 2.2213483 2.3222933
 2.2224958 2.3224721
 2.2247193 2.3244855
 2.2266924 2.3258429
 2.2280900 2.3266618
 2.2314608 2.3276703
 2.2348316 2.3285766
 2.2382023 2.3284388
 2.2415731 2.3286717
 2.2449439 2.3280034
 2.2483146 2.3285685
 2.2516854 2.3283732
 2.2550561 2.3287518
 2.2584271 2.3284869
 2.2617979 2.3285017
 2.2651687 2.3272400
 2.2672012 2.3258429
 2.2685394 2.3236759
 2.2693362 2.3224721
 2.2694240 2.3191011
 2.2685394 2.3176270
 2.2683516 2.3157303
 2.2685394 2.3138504
 2.2694066 2.3123596
 2.2719102 2.3094454
 2.2723358 2.3089888
 2.2719102 2.3085608
 2.2713883 2.3056180
 2.2719102 2.3036089
 2.2732663 2.3022473
 2.2719102 2.3007655
 2.2711854 2.2988765
 2.2709284 2.2955058
 2.2685394 2.2925639
 2.2683535 2.2921350
 2.2671142 2.2887642
 2.2670181 2.2853932
 2.2651687 2.2835441
 2.2617979 2.2824667
 2.2584271 2.2821949
 2.2581489 2.2820225
 2.2584271 2.2799327
 2.2593305 2.2786517
 2.2584271 2.2777483
 2.2550561 2.2761371
 2.2516854 2.2759373
 2.2490468 2.2752810
 2.2483146 2.2733457
 2.2470610 2.2719102
 2.2449439 2.2710342
 2.2425902 2.2685394
 2.2415731 2.2675295
 2.2405272 2.2685394
 2.2382023 2.2691164
 2.2375426 2.2685394
 2.2357013 2.2651687
 2.2348316 2.2637730
 2.2314608 2.2628880
 2.2302971 2.2617979
 2.2280900 2.2584691
 2.2280393 2.2584271
 2.2247193 2.2562151
 2.2222962 2.2550561
 2.2213483 2.2543304
 2.2197156 2.2550561
 2.2179775 2.2552948
 2.2176383 2.2550561
 2.2162592 2.2516854
 2.2146788 2.2483146
 2.2146068 2.2482426
 2.2112360 2.2477031
 2.2078652 2.2469485
 2.2044945 2.2483068
 2.2011237 2.2470667
 2.1977530 2.2473085
 2.1943822 2.2454014
 2.1910114 2.2453601
 2.1903811 2.2449439
 2.1900706 2.2415731
 2.1885374 2.2382023
 2.1876404 2.2373054
 2.1866596 2.2382023
 2.1842697 2.2386990
 2.1838307 2.2382023
 2.1823058 2.2348316
 2.1808989 2.2325659
 2.1775281 2.2322550
 2.1766698 2.2314608
 2.1741574 2.2287843
 2.1707866 2.2282040
 2.1707563 2.2280900
 2.1693463 2.2247193
 2.1674159 2.2228763
 2.1640451 2.2237670
 2.1628854 2.2213483
 2.1618645 2.2179775
 2.1606743 2.2167873
 2.1573033 2.2165077
 2.1539326 2.2151184
 2.1515768 2.2146068
 2.1505618 2.2135510
 2.1497271 2.2112360
 2.1471910 2.2090330
 2.1438203 2.2086420
 2.1428351 2.2078652
 2.1426821 2.2044945
 2.1406593 2.2011237
 2.1404495 2.2009139
 2.1401339 2.2011237
 2.1370788 2.2014868
 2.1364775 2.2011237
 2.1354048 2.1977530
 2.1337080 2.1949420
 2.1303372 2.1947076
 2.1294014 2.1943822
 2.1269665 2.1922505
 2.1235955 2.1911371
 2.1235125 2.1910114
 2.1208696 2.1876404
 2.1202247 2.1870813
 2.1168540 2.1870298
 2.1142395 2.1842697
 2.1134832 2.1818662
 2.1127605 2.1808989
 2.1101124 2.1798913
 2.1067417 2.1776583
 2.1066518 2.1775281
 2.1061134 2.1741574
 2.1033709 2.1725936
 2.1000001 2.1713176
 2.0966294 2.1716912
 2.0932584 2.1713543
 2.0898876 2.1720555
 2.0876415 2.1707866
 2.0870199 2.1674159
 2.0865169 2.1666627
 2.0831461 2.1647985
 2.0805624 2.1640451
 2.0797753 2.1627288
 2.0791957 2.1606743
 2.0764046 2.1582949
 2.0730338 2.1573575
 2.0728755 2.1573033
 2.0696630 2.1541324
 2.0685768 2.1539326
 2.0662923 2.1535158
 2.0629215 2.1534317
 2.0611448 2.1539326
 2.0598199 2.1573033
 2.0629215 2.1606290
 2.0629327 2.1606743
 2.0632374 2.1640451
 2.0629215 2.1647294
 2.0595505 2.1648147
 2.0561798 2.1642344
 2.0549598 2.1640451
 2.0528090 2.1626203
 2.0510824 2.1606743
 2.0494382 2.1592035
 2.0460675 2.1573665
 2.0457153 2.1573033
 2.0426967 2.1564250
 2.0394990 2.1539326
 2.0393260 2.1534183
 2.0378838 2.1505618
 2.0359552 2.1495948
 2.0325844 2.1496699
 2.0304794 2.1505618
 0.1000000E-11     5
 2.1171167 2.2617979
 2.1168540 2.2621398
 2.1162763 2.2617979
 2.1168540 2.2615461
 2.1171167 2.2617979
 0.1000000E-11   251
 1.7310411 2.4370787
 1.7303947 2.4404495
 1.7296091 2.4438202
 1.7301383 2.4471910
 1.7305915 2.4505620
 1.7313735 2.4539328
 1.7325844 2.4556780
 1.7337148 2.4573035
 1.7349341 2.4606743
 1.7359551 2.4614313
 1.7371621 2.4640450
 1.7364835 2.4674158
 1.7378197 2.4707866
 1.7393259 2.4738138
 1.7396543 2.4741573
 1.7426966 2.4757779
 1.7433141 2.4775281
 1.7436393 2.4808989
 1.7449495 2.4842699
 1.7460675 2.4853878
 1.7494383 2.4845228
 1.7502170 2.4876406
 1.7509887 2.4910114
 1.7528090 2.4928317
 1.7561798 2.4930534
 1.7567215 2.4943821
 1.7570114 2.4977529
 1.7579142 2.5011237
 1.7595506 2.5031867
 1.7629215 2.5035846
 1.7630395 2.5044944
 1.7642424 2.5078652
 1.7662922 2.5098946
 1.7687148 2.5078652
 1.7696630 2.5077028
 1.7697963 2.5078652
 1.7700506 2.5112360
 1.7705145 2.5146067
 1.7730337 2.5174668
 1.7752594 2.5179777
 1.7764045 2.5188532
 1.7768070 2.5213485
 1.7797754 2.5244370
 1.7816113 2.5247192
 1.7831461 2.5261524
 1.7833625 2.5280900
 1.7865169 2.5314562
 1.7865348 2.5314608
 1.7881033 2.5348315
 1.7898877 2.5356956
 1.7904758 2.5382023
 1.7927496 2.5415730
 1.7932585 2.5424135
 1.7966293 2.5438693
 1.7969457 2.5449438
 1.7979707 2.5483148
 1.7995336 2.5516856
 1.8000001 2.5521519
 1.8027070 2.5516856
 1.8033708 2.5516634
 1.8033816 2.5516856
 1.8053832 2.5550563
 1.8067416 2.5582156
 1.8072494 2.5584271
 1.8101125 2.5591118
 1.8108801 2.5617979
 1.8111886 2.5651686
 1.8134832 2.5674632
 1.8168540 2.5679364
 1.8174706 2.5685394
 1.8175794 2.5719101
 1.8187951 2.5752809
 1.8202248 2.5767107
 1.8223784 2.5752809
 1.8235955 2.5751393
 1.8236752 2.5752809
 1.8245391 2.5786517
 1.8258018 2.5820227
 1.8269664 2.5831871
 1.8303372 2.5823078
 1.8311263 2.5853934
 1.8318015 2.5887642
 1.8337079 2.5906706
 1.8370787 2.5908988
 1.8378266 2.5921350
 1.8380638 2.5955057
 1.8404495 2.5981452
 1.8423682 2.5988765
 1.8438203 2.6007962
 1.8443067 2.6022472
 1.8468660 2.6056180
 1.8471911 2.6059322
 1.8476933 2.6056180
 1.8505619 2.6052692
 1.8506668 2.6056180
 1.8521378 2.6089888
 1.8539326 2.6118958
 1.8573034 2.6120708
 1.8573635 2.6123595
 1.8588510 2.6157305
 1.8605142 2.6191013
 1.8606743 2.6192613
 1.8640450 2.6195877
 1.8668811 2.6224720
 1.8674158 2.6240423
 1.8690730 2.6258428
 1.8707865 2.6264586
 1.8741573 2.6291466
 1.8775282 2.6291704
 1.8775703 2.6292136
 1.8775741 2.6325843
 1.8808990 2.6359093
 1.8842697 2.6359324
 1.8843099 2.6359551
 1.8843045 2.6393259
 1.8843752 2.6426966
 1.8876405 2.6459620
 1.8910114 2.6459389
 1.8910333 2.6460676
 1.8910652 2.6494384
 1.8943821 2.6527553
 1.8977529 2.6527636
 1.8977877 2.6528091
 1.8978133 2.6561799
 1.9011236 2.6594901
 1.9044944 2.6595123
 1.9078653 2.6595147
 1.9112360 2.6594734
 1.9145297 2.6561799
 1.9145589 2.6528091
 1.9145682 2.6494384
 1.9145832 2.6460676
 1.9145323 2.6426966
 1.9145629 2.6393259
 1.9143945 2.6359551
 1.9112360 2.6327968
 1.9078653 2.6326699
 1.9078331 2.6325843
 1.9077426 2.6292136
 1.9044944 2.6259654
 1.9011236 2.6258917
 1.9010842 2.6258428
 1.9010338 2.6224720
 1.8977529 2.6191504
 1.8970157 2.6191013
 1.8943821 2.6159182
 1.8943739 2.6157305
 1.8914652 2.6123595
 1.8925097 2.6089888
 1.8910114 2.6074905
 1.8876405 2.6063621
 1.8851700 2.6056180
 1.8866820 2.6022472
 1.8842697 2.5993080
 1.8835313 2.5988765
 1.8808990 2.5969603
 1.8801583 2.5955057
 1.8783823 2.5921350
 1.8775282 2.5912807
 1.8741573 2.5895700
 1.8733100 2.5887642
 1.8727345 2.5853934
 1.8707865 2.5834455
 1.8674158 2.5825510
 1.8665915 2.5820227
 1.8667659 2.5786517
 1.8640450 2.5759308
 1.8606743 2.5755320
 1.8594046 2.5752809
 1.8602444 2.5719101
 1.8573034 2.5685627
 1.8572789 2.5685394
 1.8544593 2.5651686
 1.8539326 2.5646710
 1.8521940 2.5617979
 1.8505619 2.5603201
 1.8471911 2.5585592
 1.8470771 2.5584271
 1.8464292 2.5550563
 1.8438203 2.5523539
 1.8426852 2.5516856
 1.8404495 2.5487304
 1.8403555 2.5483148
 1.8370787 2.5453010
 1.8362362 2.5449438
 1.8352476 2.5415730
 1.8337079 2.5405924
 1.8303372 2.5384772
 1.8290774 2.5382023
 1.8282031 2.5348315
 1.8269664 2.5336640
 1.8236989 2.5314608
 1.8235955 2.5312598
 1.8230740 2.5280900
 1.8202248 2.5250671
 1.8199229 2.5247192
 1.8178368 2.5213485
 1.8168540 2.5191276
 1.8164935 2.5179777
 1.8134832 2.5158193
 1.8106979 2.5146067
 1.8116614 2.5112360
 1.8101125 2.5096869
 1.8067416 2.5084901
 1.8033708 2.5079250
 1.8033320 2.5078652
 1.8033708 2.5075943
 1.8059018 2.5044944
 1.8033708 2.5018742
 1.8025819 2.5011237
 1.8000001 2.4986343
 1.7993139 2.4977529
 1.7966293 2.4947960
 1.7962884 2.4943821
 1.7932585 2.4912961
 1.7929571 2.4910114
 1.7913562 2.4876406
 1.7898877 2.4860427
 1.7887402 2.4842699
 1.7865169 2.4810741
 1.7864188 2.4808989
 1.7831461 2.4783242
 1.7825302 2.4775281
 1.7824647 2.4741573
 1.7797754 2.4723976
 1.7764045 2.4713204
 1.7756898 2.4707866
 1.7761360 2.4674158
 1.7730337 2.4642508
 1.7696630 2.4644997
 1.7691377 2.4640450
 1.7684031 2.4606743
 1.7662922 2.4582899
 1.7629215 2.4576058
 1.7626324 2.4573035
 1.7621007 2.4539328
 1.7596819 2.4505620
 1.7595506 2.4504616
 1.7561798 2.4489486
 1.7555920 2.4471910
 1.7550845 2.4438202
 1.7528090 2.4422827
 1.7494383 2.4417901
 1.7465823 2.4404495
 1.7460675 2.4392912
 1.7426966 2.4371378
 1.7425889 2.4370787
 1.7393259 2.4353657
 1.7359551 2.4352186
 1.7325844 2.4360702
 1.7310411 2.4370787
 0.1000000E-11     5
 1.7970294 2.5011237
 1.7966293 2.5011744
 1.7965928 2.5011237
 1.7966293 2.5008249
 1.7970294 2.5011237
 0.1000000E-10   239
 1.6516155 1.7595506
 1.6501971 1.7629215
 1.6485891 1.7662922
 1.6499779 1.7696630
 1.6516855 1.7705433
 1.6542329 1.7730337
 1.6543431 1.7764045
 1.6544290 1.7797754
 1.6550562 1.7812126
 1.6557955 1.7831461
 1.6584270 1.7859530
 1.6588027 1.7865169
 1.6597959 1.7898877
 1.6608025 1.7932585
 1.6617978 1.7954775
 1.6623496 1.7966293
 1.6648822 1.8000001
 1.6651686 1.8002946
 1.6662410 1.8033708
 1.6667243 1.8067416
 1.6677866 1.8101125
 1.6685394 1.8119879
 1.6689944 1.8134832
 1.6719102 1.8167562
 1.6719865 1.8168540
 1.6730123 1.8202248
 1.6738250 1.8235955
 1.6752809 1.8255900
 1.6758962 1.8269664
 1.6768219 1.8303372
 1.6786517 1.8314803
 1.6804141 1.8337079
 1.6805817 1.8370787
 1.6815647 1.8404495
 1.6820226 1.8418961
 1.6823698 1.8438203
 1.6853933 1.8465760
 1.6861231 1.8471911
 1.6875107 1.8505619
 1.6875079 1.8539326
 1.6887641 1.8560063
 1.6893016 1.8573034
 1.6905221 1.8606743
 1.6921349 1.8613834
 1.6938848 1.8640450
 1.6935691 1.8674158
 1.6937212 1.8707865
 1.6947627 1.8741573
 1.6955056 1.8766044
 1.6960572 1.8775282
 1.6977921 1.8808990
 1.6974187 1.8842697
 1.6975945 1.8876405
 1.6988765 1.8894743
 1.7017350 1.8910114
 1.7022473 1.8914063
 1.7040091 1.8943821
 1.7051958 1.8977529
 1.7054702 1.9011236
 1.7056180 1.9014088
 1.7089888 1.9034688
 1.7123597 1.9021729
 1.7124842 1.9044944
 1.7123597 1.9049203
 1.7110751 1.9078653
 1.7118690 1.9112360
 1.7123597 1.9119935
 1.7145389 1.9146068
 1.7157304 1.9161854
 1.7165916 1.9179776
 1.7179542 1.9213483
 1.7187469 1.9247192
 1.7191012 1.9252329
 1.7210928 1.9280900
 1.7224720 1.9294792
 1.7233311 1.9314607
 1.7244205 1.9348315
 1.7258427 1.9364161
 1.7282466 1.9382023
 1.7292136 1.9414235
 1.7292306 1.9415731
 1.7304593 1.9449439
 1.7315003 1.9483147
 1.7325844 1.9497846
 1.7337908 1.9516854
 1.7359551 1.9539331
 1.7366624 1.9550562
 1.7373142 1.9584271
 1.7390430 1.9617978
 1.7393259 1.9622840
 1.7403163 1.9651686
 1.7426966 1.9675626
 1.7432317 1.9685394
 1.7438167 1.9719102
 1.7460675 1.9747108
 1.7464823 1.9752810
 1.7473861 1.9786518
 1.7485528 1.9820225
 1.7494383 1.9833678
 1.7499256 1.9853933
 1.7507799 1.9887642
 1.7528090 1.9905207
 1.7561798 1.9918672
 1.7564678 1.9921349
 1.7576679 1.9955057
 1.7595506 1.9967650
 1.7629215 1.9975359
 1.7662922 1.9984912
 1.7696630 1.9978694
 1.7730337 1.9984802
 1.7764045 1.9974002
 1.7797754 1.9973634
 1.7831461 1.9968024
 1.7859262 1.9955057
 1.7865169 1.9937327
 1.7868774 1.9921349
 1.7889171 1.9887642
 1.7896781 1.9853933
 1.7898178 1.9820225
 1.7898877 1.9809551
 1.7907100 1.9786518
 1.7910903 1.9752810
 1.7898877 1.9733520
 1.7897087 1.9719102
 1.7894673 1.9685394
 1.7891643 1.9651686
 1.7881932 1.9617978
 1.7868774 1.9584271
 1.7865169 1.9577049
 1.7831461 1.9551171
 1.7831161 1.9550562
 1.7825598 1.9516854
 1.7814064 1.9483147
 1.7797754 1.9461421
 1.7788392 1.9449439
 1.7764045 1.9424573
 1.7759073 1.9415731
 1.7737820 1.9382023
 1.7739296 1.9348315
 1.7730337 1.9331790
 1.7717851 1.9314607
 1.7696630 1.9290951
 1.7692724 1.9280900
 1.7675700 1.9247192
 1.7664456 1.9213483
 1.7662922 1.9210467
 1.7629215 1.9181643
 1.7627381 1.9179776
 1.7616194 1.9146068
 1.7609342 1.9112360
 1.7595506 1.9091190
 1.7590700 1.9078653
 1.7568995 1.9044944
 1.7561798 1.9040836
 1.7535219 1.9011236
 1.7542105 1.8977529
 1.7528090 1.8954155
 1.7523149 1.8943821
 1.7510474 1.8910114
 1.7494383 1.8894726
 1.7479502 1.8876405
 1.7467970 1.8842697
 1.7460675 1.8827175
 1.7452997 1.8808990
 1.7436295 1.8775282
 1.7426966 1.8757164
 1.7420287 1.8741573
 1.7393259 1.8708712
 1.7392718 1.8707865
 1.7387741 1.8674158
 1.7372093 1.8640450
 1.7360384 1.8606743
 1.7359551 1.8599521
 1.7355727 1.8573034
 1.7329010 1.8539326
 1.7325844 1.8536808
 1.7302933 1.8505619
 1.7292136 1.8474017
 1.7291553 1.8471911
 1.7277814 1.8438203
 1.7258427 1.8415654
 1.7242780 1.8404495
 1.7224720 1.8380607
 1.7221768 1.8370787
 1.7191012 1.8337361
 1.7190754 1.8337079
 1.7191012 1.8331555
 1.7194879 1.8303372
 1.7191012 1.8290727
 1.7157304 1.8290527
 1.7123597 1.8274679
 1.7120823 1.8269664
 1.7123597 1.8249534
 1.7133433 1.8235955
 1.7142440 1.8202248
 1.7136705 1.8168540
 1.7131498 1.8134832
 1.7123597 1.8118180
 1.7110914 1.8134832
 1.7089888 1.8140519
 1.7078004 1.8134832
 1.7056180 1.8117064
 1.7052275 1.8101125
 1.7055310 1.8067416
 1.7044208 1.8033708
 1.7043955 1.8000001
 1.7022473 1.7979785
 1.6996601 1.7966293
 1.6999718 1.7932585
 1.6988765 1.7925195
 1.6977477 1.7898877
 1.6971704 1.7865169
 1.6955056 1.7841467
 1.6921349 1.7831527
 1.6921256 1.7831461
 1.6906843 1.7797754
 1.6892754 1.7764045
 1.6887641 1.7734520
 1.6886485 1.7730337
 1.6855372 1.7696630
 1.6853933 1.7695097
 1.6820508 1.7662922
 1.6820226 1.7662624
 1.6786517 1.7634370
 1.6760726 1.7629215
 1.6752809 1.7625641
 1.6719102 1.7616954
 1.6685394 1.7619658
 1.6666765 1.7629215
 1.6651686 1.7633027
 1.6626124 1.7662922
 1.6617978 1.7668889
 1.6584270 1.7678158
 1.6569929 1.7662922
 1.6560730 1.7629215
 1.6550562 1.7609223
 1.6521667 1.7595506
 1.6516855 1.7594388
 1.6516155 1.7595506
 0.1000000E-10     5
 2.0525780 2.1707866
 2.0528090 2.1709282
 2.0537300 2.1707866
 2.0528090 2.1706641
 2.0525780 2.1707866
 0.1000000E-10   232
 2.0661633 2.1808989
 2.0638914 2.1842697
 2.0637801 2.1876404
 2.0629215 2.1908021
 2.0627527 2.1910114
 2.0598369 2.1943822
 2.0595505 2.1945381
 2.0572102 2.1977530
 2.0561798 2.1992750
 2.0548184 2.2011237
 2.0551586 2.2044945
 2.0544429 2.2078652
 2.0561798 2.2087634
 2.0595505 2.2087488
 2.0629215 2.2089796
 2.0662923 2.2091682
 2.0678394 2.2112360
 2.0696630 2.2131128
 2.0720067 2.2146068
 2.0730338 2.2152870
 2.0764046 2.2176135
 2.0765634 2.2179775
 2.0792384 2.2213483
 2.0797753 2.2233739
 2.0809915 2.2247193
 2.0798018 2.2280900
 2.0797753 2.2285111
 2.0764046 2.2282836
 2.0734210 2.2314608
 2.0764046 2.2328513
 2.0797753 2.2315433
 2.0831461 2.2318590
 2.0865169 2.2329710
 2.0883200 2.2348316
 2.0898876 2.2360196
 2.0906200 2.2382023
 2.0924306 2.2415731
 2.0932584 2.2420914
 2.0966294 2.2432110
 2.0994818 2.2449439
 2.1000001 2.2456892
 2.1033709 2.2477129
 2.1037719 2.2483146
 2.1067417 2.2508535
 2.1082373 2.2516854
 2.1101124 2.2533095
 2.1129920 2.2550561
 2.1134832 2.2551775
 2.1168540 2.2562656
 2.1202247 2.2584033
 2.1202905 2.2584271
 2.1235955 2.2601953
 2.1249671 2.2617979
 2.1269665 2.2648282
 2.1274705 2.2651687
 2.1303372 2.2667375
 2.1337080 2.2685325
 2.1337273 2.2685394
 2.1356738 2.2719102
 2.1370788 2.2730877
 2.1392612 2.2752810
 2.1404495 2.2764935
 2.1438203 2.2780945
 2.1443012 2.2786517
 2.1471910 2.2802846
 2.1505618 2.2811630
 2.1526537 2.2820225
 2.1539326 2.2828035
 2.1573033 2.2825632
 2.1601057 2.2853932
 2.1606743 2.2856619
 2.1640451 2.2872427
 2.1666272 2.2887642
 2.1674159 2.2895474
 2.1707866 2.2910323
 2.1728287 2.2921350
 2.1741574 2.2929015
 2.1775281 2.2948382
 2.1783679 2.2955058
 2.1808989 2.2975576
 2.1836977 2.2988765
 2.1842697 2.2994246
 2.1876404 2.3007486
 2.1893063 2.3022473
 2.1910114 2.3032064
 2.1943822 2.3053730
 2.1977530 2.3049581
 2.1989040 2.3056180
 2.2011237 2.3074677
 2.2044444 2.3056180
 2.2044945 2.3056080
 2.2045062 2.3056180
 2.2050869 2.3089888
 2.2078652 2.3111081
 2.2112360 2.3115299
 2.2130775 2.3123596
 2.2146068 2.3138323
 2.2179759 2.3123596
 2.2179775 2.3123593
 2.2183917 2.3157303
 2.2213483 2.3182292
 2.2247193 2.3187122
 2.2255769 2.3191011
 2.2280900 2.3211324
 2.2314608 2.3212247
 2.2334146 2.3224721
 2.2348316 2.3236029
 2.2382023 2.3247898
 2.2415731 2.3242280
 2.2449439 2.3231678
 2.2483146 2.3234565
 2.2516854 2.3243620
 2.2550561 2.3248699
 2.2584271 2.3248465
 2.2617979 2.3229914
 2.2622635 2.3224721
 2.2641892 2.3191011
 2.2648418 2.3157303
 2.2644498 2.3123596
 2.2651687 2.3108275
 2.2672634 2.3089888
 2.2667558 2.3056180
 2.2676704 2.3022473
 2.2651687 2.2993195
 2.2650042 2.2988765
 2.2651687 2.2977357
 2.2663157 2.2955058
 2.2651687 2.2941492
 2.2644081 2.2921350
 2.2634888 2.2887642
 2.2617979 2.2861986
 2.2599905 2.2853932
 2.2584271 2.2847915
 2.2550561 2.2824018
 2.2543101 2.2820225
 2.2516854 2.2798982
 2.2483146 2.2789185
 2.2449439 2.2788708
 2.2447882 2.2786517
 2.2415731 2.2758832
 2.2396231 2.2752810
 2.2382023 2.2740107
 2.2348316 2.2720435
 2.2345848 2.2719102
 2.2314608 2.2708695
 2.2291265 2.2685394
 2.2280900 2.2675099
 2.2252340 2.2685394
 2.2247193 2.2686133
 2.2246389 2.2685394
 2.2217684 2.2651687
 2.2213483 2.2647531
 2.2179775 2.2632396
 2.2160883 2.2617979
 2.2146068 2.2606022
 2.2127025 2.2617979
 2.2112360 2.2620547
 2.2108426 2.2617979
 2.2084024 2.2584271
 2.2078652 2.2576394
 2.2044945 2.2562478
 2.2024765 2.2550561
 2.2011237 2.2539868
 2.1977530 2.2544274
 2.1960094 2.2516854
 2.1943822 2.2496138
 2.1910114 2.2485640
 2.1904643 2.2483146
 2.1876404 2.2460282
 2.1863477 2.2449439
 2.1842697 2.2427261
 2.1827838 2.2415731
 2.1808989 2.2395036
 2.1775281 2.2388124
 2.1768293 2.2382023
 2.1741574 2.2352452
 2.1734557 2.2348316
 2.1707866 2.2336118
 2.1679170 2.2314608
 2.1674159 2.2306964
 2.1652703 2.2280900
 2.1640451 2.2272890
 2.1606743 2.2256680
 2.1590178 2.2247193
 2.1573033 2.2221467
 2.1549911 2.2213483
 2.1539326 2.2211597
 2.1505618 2.2197900
 2.1475050 2.2179775
 2.1471910 2.2176580
 2.1452904 2.2146068
 2.1438203 2.2131596
 2.1404495 2.2120416
 2.1395857 2.2112360
 2.1385067 2.2078652
 2.1370788 2.2059495
 2.1337080 2.2055235
 2.1303372 2.2071383
 2.1297994 2.2078652
 2.1269665 2.2080956
 2.1235955 2.2087851
 2.1214755 2.2078652
 2.1227129 2.2044945
 2.1235955 2.2028937
 2.1267953 2.2011237
 2.1235955 2.1999688
 2.1202247 2.1999953
 2.1194563 2.2011237
 2.1168540 2.2022688
 2.1144409 2.2011237
 2.1134832 2.1992168
 2.1124465 2.1977530
 2.1101124 2.1961355
 2.1067417 2.1946898
 2.1037962 2.1943822
 2.1033709 2.1942201
 2.1005657 2.1910114
 2.1000001 2.1902511
 2.0966294 2.1889360
 2.0932584 2.1881957
 2.0899360 2.1876404
 2.0898876 2.1876183
 2.0865169 2.1853662
 2.0857968 2.1842697
 2.0831461 2.1821158
 2.0797753 2.1813850
 2.0764046 2.1809368
 2.0760214 2.1808989
 2.0730338 2.1803722
 2.0696630 2.1801600
 2.0662923 2.1808834
 2.0661633 2.1808989
 0.1000000E-10     5
 2.0664732 2.1943822
 2.0662923 2.1944554
 2.0659847 2.1943822
 2.0662923 2.1941056
 2.0664732 2.1943822
 0.1000000E-10   231
 1.7488562 2.4505620
 1.7473105 2.4539328
 1.7469814 2.4573035
 1.7484937 2.4606743
 1.7488025 2.4640450
 1.7494383 2.4647157
 1.7513956 2.4674158
 1.7528090 2.4699435
 1.7542360 2.4707866
 1.7561798 2.4723785
 1.7566216 2.4741573
 1.7581381 2.4775281
 1.7584754 2.4808989
 1.7561798 2.4834669
 1.7554505 2.4842699
 1.7556727 2.4876406
 1.7561798 2.4880402
 1.7595506 2.4900155
 1.7599277 2.4910114
 1.7607834 2.4943821
 1.7629215 2.4966004
 1.7642484 2.4977529
 1.7654777 2.5011237
 1.7662922 2.5026538
 1.7681309 2.5044944
 1.7696630 2.5052335
 1.7718230 2.5078652
 1.7730337 2.5105791
 1.7734121 2.5112360
 1.7764045 2.5132651
 1.7776816 2.5146067
 1.7788553 2.5179777
 1.7797754 2.5196609
 1.7831461 2.5209975
 1.7836286 2.5213485
 1.7852236 2.5247192
 1.7865169 2.5278537
 1.7868032 2.5280900
 1.7898877 2.5293989
 1.7916229 2.5314608
 1.7925351 2.5348315
 1.7932585 2.5360096
 1.7966293 2.5372481
 1.7972693 2.5382023
 1.7982268 2.5415730
 1.8000001 2.5445430
 1.8015846 2.5449438
 1.8033708 2.5459247
 1.8038589 2.5483148
 1.8058127 2.5516856
 1.8067416 2.5526710
 1.8101125 2.5533125
 1.8107407 2.5550563
 1.8117092 2.5584271
 1.8134832 2.5605640
 1.8150814 2.5617979
 1.8168540 2.5637703
 1.8173875 2.5651686
 1.8202248 2.5679936
 1.8211728 2.5685394
 1.8233154 2.5719101
 1.8235955 2.5720754
 1.8253968 2.5752809
 1.8269664 2.5771711
 1.8303372 2.5786307
 1.8303421 2.5786517
 1.8316689 2.5820227
 1.8337079 2.5843964
 1.8355935 2.5853934
 1.8370787 2.5866842
 1.8379352 2.5887642
 1.8404495 2.5914452
 1.8418242 2.5921350
 1.8438203 2.5943818
 1.8441888 2.5955057
 1.8471911 2.5983624
 1.8490894 2.5988765
 1.8505619 2.6006851
 1.8508408 2.6022472
 1.8522756 2.6056180
 1.8539326 2.6074419
 1.8573034 2.6077490
 1.8575457 2.6089888
 1.8585867 2.6123595
 1.8606743 2.6145930
 1.8640450 2.6152446
 1.8641812 2.6157305
 1.8649135 2.6191013
 1.8674158 2.6216049
 1.8707865 2.6220281
 1.8710167 2.6224720
 1.8713905 2.6258428
 1.8741573 2.6285422
 1.8775282 2.6287806
 1.8779497 2.6292136
 1.8779877 2.6325843
 1.8808990 2.6354954
 1.8842697 2.6357281
 1.8846710 2.6359551
 1.8846177 2.6393259
 1.8853246 2.6426966
 1.8876405 2.6450126
 1.8910114 2.6447821
 1.8912308 2.6460676
 1.8915495 2.6494384
 1.8943821 2.6522708
 1.8977529 2.6523535
 1.8980998 2.6528091
 1.8983581 2.6561799
 1.9011236 2.6589453
 1.9044944 2.6591649
 1.9078653 2.6591911
 1.9112360 2.6587784
 1.9138347 2.6561799
 1.9141266 2.6528091
 1.9142196 2.6494384
 1.9143701 2.6460676
 1.9138625 2.6426966
 1.9141694 2.6393259
 1.9124836 2.6359551
 1.9112360 2.6347075
 1.9078653 2.6334400
 1.9075453 2.6325843
 1.9066383 2.6292136
 1.9044944 2.6270697
 1.9011236 2.6263325
 1.9007288 2.6258428
 1.9002252 2.6224720
 1.8977529 2.6199689
 1.8943821 2.6193709
 1.8939505 2.6191013
 1.8937180 2.6157305
 1.8910114 2.6130080
 1.8881937 2.6123595
 1.8876405 2.6115472
 1.8873110 2.6089888
 1.8842697 2.6061106
 1.8827966 2.6056180
 1.8810695 2.6022472
 1.8808990 2.6021020
 1.8781223 2.5988765
 1.8775282 2.5980952
 1.8760566 2.5955057
 1.8741573 2.5936611
 1.8727143 2.5921350
 1.8707865 2.5902357
 1.8696542 2.5887642
 1.8674158 2.5861793
 1.8669099 2.5853934
 1.8640450 2.5827773
 1.8634410 2.5820227
 1.8620769 2.5786517
 1.8606743 2.5777907
 1.8573034 2.5758431
 1.8567435 2.5752809
 1.8567885 2.5719101
 1.8539326 2.5691183
 1.8505619 2.5685849
 1.8505265 2.5685394
 1.8505619 2.5661633
 1.8506719 2.5651686
 1.8505619 2.5650516
 1.8471911 2.5619867
 1.8456466 2.5617979
 1.8438563 2.5584271
 1.8438203 2.5583737
 1.8418514 2.5550563
 1.8404495 2.5538175
 1.8374231 2.5516856
 1.8370787 2.5507965
 1.8364922 2.5483148
 1.8337079 2.5461767
 1.8303372 2.5450082
 1.8302981 2.5449438
 1.8303372 2.5439131
 1.8308123 2.5415730
 1.8303372 2.5411539
 1.8269664 2.5391715
 1.8235955 2.5384827
 1.8233517 2.5382023
 1.8235955 2.5362575
 1.8244742 2.5348315
 1.8235955 2.5339754
 1.8212391 2.5314608
 1.8202248 2.5302958
 1.8182817 2.5280900
 1.8168540 2.5266294
 1.8156009 2.5247192
 1.8134832 2.5217998
 1.8130927 2.5213485
 1.8101125 2.5182786
 1.8099203 2.5179777
 1.8076472 2.5146067
 1.8067416 2.5132174
 1.8052229 2.5112360
 1.8033708 2.5099638
 1.8020009 2.5078652
 1.8007189 2.5044944
 1.8000001 2.5037930
 1.7966293 2.5023777
 1.7957306 2.5011237
 1.7951353 2.4977529
 1.7932585 2.4957056
 1.7898877 2.4950700
 1.7892226 2.4943821
 1.7889001 2.4910114
 1.7865169 2.4878433
 1.7845742 2.4876406
 1.7831461 2.4871447
 1.7823894 2.4842699
 1.7803631 2.4808989
 1.7797754 2.4802318
 1.7764766 2.4775281
 1.7764045 2.4774258
 1.7744932 2.4741573
 1.7730337 2.4729640
 1.7696630 2.4708509
 1.7695698 2.4707866
 1.7669162 2.4674158
 1.7662922 2.4669082
 1.7629215 2.4654379
 1.7612118 2.4640450
 1.7595506 2.4612939
 1.7590303 2.4606743
 1.7561798 2.4583430
 1.7541568 2.4573035
 1.7528090 2.4554710
 1.7515736 2.4539328
 1.7497221 2.4505620
 1.7494383 2.4493351
 1.7488562 2.4505620
 0.1000000E-10     5
 1.7493743 2.4775281
 1.7494383 2.4776962
 1.7496399 2.4775281
 1.7494383 2.4774358
 1.7493743 2.4775281
 0.1000000E-09   113
 1.7246752 1.8707865
 1.7243172 1.8741573
 1.7231266 1.8775282
 1.7228168 1.8808990
 1.7235680 1.8842697
 1.7247962 1.8876405
 1.7258427 1.8904754
 1.7259762 1.8910114
 1.7258427 1.8918295
 1.7256265 1.8943821
 1.7258427 1.8951509
 1.7271377 1.8977529
 1.7279410 1.9011236
 1.7289404 1.9044944
 1.7292136 1.9050454
 1.7301096 1.9078653
 1.7306734 1.9112360
 1.7321706 1.9146068
 1.7325844 1.9160813
 1.7334435 1.9179776
 1.7350945 1.9213483
 1.7359551 1.9231058
 1.7364069 1.9247192
 1.7365748 1.9280900
 1.7373873 1.9314607
 1.7385480 1.9348315
 1.7391027 1.9382023
 1.7393259 1.9390160
 1.7404400 1.9415731
 1.7408582 1.9449439
 1.7419882 1.9483147
 1.7426966 1.9490131
 1.7439879 1.9516854
 1.7446965 1.9550562
 1.7460675 1.9578784
 1.7465664 1.9584271
 1.7494383 1.9617964
 1.7494389 1.9617978
 1.7494383 1.9618587
 1.7493782 1.9651686
 1.7494383 1.9652361
 1.7507716 1.9685394
 1.7516438 1.9719102
 1.7528090 1.9746447
 1.7534111 1.9752810
 1.7552401 1.9786518
 1.7561798 1.9799442
 1.7575828 1.9820225
 1.7595506 1.9851373
 1.7598393 1.9853933
 1.7629215 1.9869765
 1.7662922 1.9877183
 1.7696630 1.9877331
 1.7730101 1.9853933
 1.7730337 1.9853654
 1.7764045 1.9844111
 1.7784795 1.9853933
 1.7797754 1.9857005
 1.7831461 1.9858569
 1.7834804 1.9853933
 1.7837335 1.9820225
 1.7837856 1.9786518
 1.7841787 1.9752810
 1.7838870 1.9719102
 1.7843238 1.9685394
 1.7831461 1.9665688
 1.7818829 1.9651686
 1.7797754 1.9620299
 1.7796733 1.9617978
 1.7786794 1.9584271
 1.7770615 1.9550562
 1.7764045 1.9535502
 1.7748880 1.9516854
 1.7730337 1.9501649
 1.7714697 1.9483147
 1.7701831 1.9449439
 1.7696630 1.9441270
 1.7671530 1.9415731
 1.7662922 1.9404641
 1.7650609 1.9382023
 1.7629215 1.9349908
 1.7627447 1.9348315
 1.7613453 1.9314607
 1.7595963 1.9280900
 1.7595506 1.9280140
 1.7581809 1.9247192
 1.7566355 1.9213483
 1.7561798 1.9205734
 1.7537798 1.9179776
 1.7528090 1.9162093
 1.7522881 1.9146068
 1.7502203 1.9112360
 1.7494383 1.9084668
 1.7490636 1.9078653
 1.7466832 1.9044944
 1.7460675 1.9035633
 1.7450178 1.9011236
 1.7427980 1.8977529
 1.7426966 1.8975525
 1.7393259 1.8944885
 1.7392677 1.8943821
 1.7387474 1.8910114
 1.7375234 1.8876405
 1.7361115 1.8842697
 1.7359551 1.8840535
 1.7325844 1.8820676
 1.7311459 1.8808990
 1.7301128 1.8775282
 1.7293222 1.8741573
 1.7293358 1.8707865
 1.7292136 1.8705121
 1.7258427 1.8688208
 1.7246752 1.8707865
 0.1000000E-09     5
 2.1570776 2.2449439
 2.1573033 2.2454760
 2.1574354 2.2449439
 2.1573033 2.2448528
 2.1570776 2.2449439
 0.1000000E-09    93
 2.1663582 2.2550561
 2.1662996 2.2584271
 2.1674159 2.2601886
 2.1680946 2.2617979
 2.1702809 2.2651687
 2.1707866 2.2655137
 2.1722341 2.2685394
 2.1741574 2.2714770
 2.1745801 2.2719102
 2.1775281 2.2735994
 2.1808989 2.2749391
 2.1842697 2.2744079
 2.1851339 2.2752810
 2.1853535 2.2786517
 2.1872175 2.2820225
 2.1876404 2.2823322
 2.1907485 2.2853932
 2.1910114 2.2856090
 2.1943822 2.2886136
 2.1946554 2.2887642
 2.1977530 2.2909796
 2.1988912 2.2921350
 2.2011237 2.2932734
 2.2044945 2.2954798
 2.2045479 2.2955058
 2.2078652 2.2971666
 2.2105482 2.2988765
 2.2112360 2.2994163
 2.2146068 2.3014212
 2.2157550 2.3022473
 2.2179775 2.3032265
 2.2204673 2.3056180
 2.2213483 2.3065729
 2.2242615 2.3089888
 2.2247193 2.3093016
 2.2280900 2.3117003
 2.2314608 2.3122683
 2.2316098 2.3123596
 2.2348316 2.3149433
 2.2362761 2.3157303
 2.2382023 2.3165257
 2.2415731 2.3165729
 2.2449439 2.3168762
 2.2483146 2.3162239
 2.2516854 2.3157985
 2.2518811 2.3157303
 2.2550561 2.3131473
 2.2558656 2.3123596
 2.2571442 2.3089888
 2.2570724 2.3056180
 2.2580478 2.3022473
 2.2571583 2.2988765
 2.2550561 2.2958298
 2.2548113 2.2955058
 2.2516854 2.2930546
 2.2509828 2.2921350
 2.2483146 2.2893441
 2.2478099 2.2887642
 2.2449439 2.2874806
 2.2415731 2.2854927
 2.2409680 2.2853932
 2.2382023 2.2843215
 2.2349610 2.2820225
 2.2348316 2.2819672
 2.2314608 2.2799597
 2.2280900 2.2789540
 2.2247193 2.2787483
 2.2244439 2.2786517
 2.2213483 2.2769170
 2.2194440 2.2752810
 2.2179775 2.2739747
 2.2146068 2.2739887
 2.2112360 2.2727118
 2.2095609 2.2719102
 2.2078652 2.2706614
 2.2044945 2.2695711
 2.2028446 2.2685394
 2.2011237 2.2675805
 2.1977530 2.2676141
 2.1943822 2.2653756
 2.1940265 2.2651687
 2.1910114 2.2638893
 2.1876404 2.2620053
 2.1870847 2.2617979
 2.1842697 2.2599566
 2.1808989 2.2589254
 2.1801453 2.2584271
 2.1775281 2.2574668
 2.1741574 2.2571845
 2.1716526 2.2550561
 2.1707866 2.2524350
 2.1674159 2.2543902
 2.1663582 2.2550561
 0.1000000E-09     5
 2.1571403 2.2617979
 2.1573033 2.2619014
 2.1577146 2.2617979
 2.1573033 2.2607377
 2.1571403 2.2617979
 0.1000000E-09     7
 1.8031889 2.5213485
 1.8020262 2.5247192
 1.8033708 2.5265176
 1.8051776 2.5247192
 1.8034884 2.5213485
 1.8033708 2.5212703
 1.8031889 2.5213485
 0.1000000E-09   139
 1.8097847 2.5314608
 1.8091171 2.5348315
 1.8081659 2.5382023
 1.8101125 2.5414813
 1.8102282 2.5415730
 1.8118024 2.5449438
 1.8134832 2.5472326
 1.8139615 2.5483148
 1.8168540 2.5514958
 1.8170516 2.5516856
 1.8183678 2.5550563
 1.8202248 2.5571959
 1.8210034 2.5584271
 1.8224691 2.5617979
 1.8235955 2.5630879
 1.8260773 2.5651686
 1.8269664 2.5660181
 1.8284988 2.5685394
 1.8303372 2.5711327
 1.8312938 2.5719101
 1.8337079 2.5743885
 1.8342320 2.5752809
 1.8360710 2.5786517
 1.8370787 2.5794244
 1.8403655 2.5820227
 1.8404495 2.5821548
 1.8419641 2.5853934
 1.8438203 2.5870507
 1.8460486 2.5887642
 1.8471911 2.5901995
 1.8481324 2.5921350
 1.8505619 2.5946696
 1.8516994 2.5955057
 1.8539326 2.5976329
 1.8546242 2.5988765
 1.8569397 2.6022472
 1.8573034 2.6024625
 1.8604393 2.6056180
 1.8606743 2.6061285
 1.8618654 2.6089888
 1.8640450 2.6105461
 1.8664178 2.6123595
 1.8674158 2.6142046
 1.8679665 2.6157305
 1.8707865 2.6180797
 1.8722759 2.6191013
 1.8741573 2.6216788
 1.8744701 2.6224720
 1.8775282 2.6255314
 1.8779942 2.6258428
 1.8808990 2.6287861
 1.8810928 2.6292136
 1.8820934 2.6325843
 1.8842697 2.6336863
 1.8876405 2.6357450
 1.8877648 2.6359551
 1.8877105 2.6393259
 1.8910114 2.6415665
 1.8923597 2.6426966
 1.8932065 2.6460676
 1.8943821 2.6480529
 1.8977529 2.6492295
 1.8983254 2.6494384
 1.9011236 2.6527359
 1.9011548 2.6528091
 1.9044944 2.6560452
 1.9078653 2.6561007
 1.9108865 2.6528091
 1.9111224 2.6494384
 1.9112360 2.6486495
 1.9122392 2.6460676
 1.9112360 2.6445963
 1.9108061 2.6426966
 1.9106114 2.6393259
 1.9078653 2.6372199
 1.9044944 2.6360192
 1.9044592 2.6359551
 1.9044944 2.6341364
 1.9046655 2.6325843
 1.9044944 2.6323531
 1.9011236 2.6296058
 1.8986896 2.6292136
 1.8977529 2.6276951
 1.8975768 2.6258428
 1.8943821 2.6225791
 1.8938782 2.6224720
 1.8910114 2.6206439
 1.8905247 2.6191013
 1.8883740 2.6157305
 1.8876405 2.6152492
 1.8842697 2.6135380
 1.8836774 2.6123595
 1.8827199 2.6089888
 1.8808990 2.6077394
 1.8775282 2.6065412
 1.8768539 2.6056180
 1.8764631 2.6022472
 1.8741573 2.6000457
 1.8707865 2.5993555
 1.8703973 2.5988765
 1.8698758 2.5955057
 1.8674158 2.5930219
 1.8640450 2.5923426
 1.8638405 2.5921350
 1.8632236 2.5887642
 1.8606743 2.5856202
 1.8599739 2.5853934
 1.8573034 2.5836308
 1.8566332 2.5820227
 1.8543402 2.5786517
 1.8539326 2.5782433
 1.8505619 2.5762706
 1.8499025 2.5752809
 1.8482884 2.5719101
 1.8471911 2.5704098
 1.8438203 2.5690460
 1.8434525 2.5685394
 1.8422320 2.5651686
 1.8404495 2.5629473
 1.8372318 2.5617979
 1.8370787 2.5616169
 1.8362181 2.5584271
 1.8337079 2.5555925
 1.8327739 2.5550563
 1.8303715 2.5516856
 1.8303372 2.5516584
 1.8270575 2.5483148
 1.8269664 2.5481737
 1.8241171 2.5449438
 1.8235955 2.5444953
 1.8202248 2.5419238
 1.8197615 2.5415730
 1.8172305 2.5382023
 1.8168540 2.5377758
 1.8134832 2.5366251
 1.8112335 2.5348315
 1.8103011 2.5314608
 1.8101125 2.5312603
 1.8097847 2.5314608
