     1     1
    GFSQ    25     3    20     0    72
     1 BACKWARD OMEGA   
    25     3    20    12   25.267   55.335     7.0
     1 PRESSURE
     1     1    25     3    20    12     0    84     0.0   25.267   55.335      7.0   1009.6
     1     1    25     3    20    11     0    83    -1.0   25.475   55.367      0.0   1011.4
     1     1    25     3    20    10     0    82    -2.0   25.654   55.401      0.0   1012.4
     1     1    25     3    20     9     0    81    -3.0   25.799   55.438      0.0   1013.1
     1     1    25     3    20     8     0    80    -4.0   25.908   55.478      0.0   1013.9
     1     1    25     3    20     7     0    79    -5.0   25.983   55.524      0.0   1014.7
     1     1    25     3    20     6     0    78    -6.0   26.036   55.571      0.0   1015.5
